25
0   34  49  53  68  75  64  72  59  67  85  73  80  61  56  69  77  86  94  70  74  88  78  81  65
34   0  25  43  61  50  45  47  38  54  63  51  60  39  42  49  57  66  72  58  61  75  65  68  52
49  25   0  38  50  39  28  35  25  41  49  38  46  30  27  33  41  50  57  43  47  61  51  54  38
53  43  38   0  35  28  23  30  20  36  44  32  40  24  23  27  35  44  52  38  41  55  45  48  32
68  61  50  35   0  21  15  18  13  28  36  24  32  21  19  20  28  37  45  31  34  48  38  41  25
75  50  39  28  21   0   7  12   8  15  23  14  21  11  10  13  20  29  36  22  25  39  29  32  18
64  45  28  23  15   7   0   6   5  10  18  10  17   7   6   9  16  25  32  18  21  35  25  28  14
72  47  35  30  18  12   6   0   8   9  16   8  13   6   7   6  11  19  26  15  17  31  21  24  11
59  38  25  20  13   8   5   8   0  12  20  12  18   8   5   7  15  24  31  17  20  34  24  27  12
67  54  41  36  28  15  10   9  12   0  13  15  20  10  12  15  10  19  26  22  25  29  25  22  18
85  63  49  44  36  23  18  16  20  13   0  17  24  16  15  22  19  28  35  27  31  40  30  33  21
73  51  38  32  24  14  10   8  12  15  17   0  10  11  10   9  12  21  28  14  17  31  21  24  14
80  60  46  40  32  21  17  13  18  20  24  10   0  14  13  19  23  32  39  19  22  36  26  29  18
61  39  30  24  21  11   7   6   8  10  16  11  14   0   3   6   9  18  25  13  15  29  19  22   9
56  42  27  23  19  10   6   7   5  12  15  10  13   3   0   5   7  16  23  12  14  28  18  21   8
69  49  33  27  20  13   9   6   7  15  22   9  19   6   5   0  14  23  30  18  21  35  25  28  12
77  57  41  35  28  20  16  11  15  10  19  12  23   9   7  14   0  12  19  17  19  25  21  20  18
86  66  50  44  37  29  25  19  24  19  28  21  32  18  16  23  12   0   8  21  22  30  26  29  25
94  72  57  52  45  36  32  26  31  26  35  28  39  25  23  30  19   8   0  29  30  38  34  37  33
70  58  43  38  31  22  18  15  17  22  27  14  19  13  12  18  17  21  29   0   4  12   8  11   9
74  61  47  41  34  25  21  17  20  25  31  17  22  15  14  21  19  22  30   4   0   8   6   9   8
88  75  61  55  48  39  35  31  34  29  40  31  36  29  28  35  25  30  38  12   8   0   14  17  13
78  65  51  45  38  29  25  21  24  25  30  21  26  19  18  25  21  26  34   8   6  14   0   3  12
81  68  54  48  41  32  28  24  27  22  33  24  29  22  21  28  20  29  37  11   9  17   3   0  15
65  52  38  32  25  18  14  11  12  18  21  14  18   9   8  12  18  25  33   9   8  13  12  15   0
0       1440
50       380
25       975
150      870
240      1050
355      995
435      860
280      920
110      895
330      1025
440      1080
220      1045
140      890
95       945
315      990
240      810
85       1005
70       1040
120      980
135      960
450      1125
275      970
420      1100
290      990
250      910