30
0   48  56  68  72  59  84  92  75  64  82  89  78  70  65  83  92  87  77  68  85  80  66  79  88  69  72  96  81  76
48   0  29  45  61  53  68  75  58  47  65  72  61  52  51  67  76  71  61  52  69  64  50  63  72  53  56  80  65  60
56  29   0  32  43  36  51  58  44  33  50  57  46  38  37  53  62  57  47  38  55  50  36  49  58  39  42  66  51  46
68  45  32   0  23  19  28  35  22  15  29  37  26  19  16  30  39  34  24  19  36  31  18  31  40  21  24  48  33  28
72  61  43  23   0  14  20  28  16   9  23  30  18  12  11  25  34  29  19  14  31  26  12  25  34  15  18  42  27  22
59  53  36  19  14   0   7  15   5   6  12  19   8   3   5  14  23  18   8   5  22  17   3  16  25   6   9  27  12   8
84  68  51  28  20   7   0   9   9   7   9  16   9   8  12   9  16  14   9   8  17  12   7  18  26   9  12  18  16   9
92  75  58  35  28  15   9   0  12   8   6  13  11   9  13   7  11  10  11  10  15  11   8  20  28  11  14  20  21  12
75  58  44  22  16   5   9  12   0  11  18  25  14   6   9  18  27  22  12   8  25  20   6  20  29  10  13  31  16  11
64  47  33  15   9   6   7   8  11   0  13  20   9   3   6  15  24  19   9   5  22  17   3  16  25   6   9  27  12   8
82  65  50  29  23  12   9   6  18  13   0  17  16   9  11  18  22  21  16  13  23  18  12  23  31  12  15  33  18  13
89  72  57  37  30  19  16  13  25  20  17   0  23  14  13  25  33  28  18  15  30  25  19  29  35  16  19  37  22  17
78  61  46  26  18   8   9  11  14   9  16  23   0   6   8  17  25  20  10   6  23  18   6  19  28   8  11  29  14   9
70  52  38  19  12   3   8   9   6   3   9  14   6   0   4  13  21  16   6   3  19  14   3  17  25   6   9  27  12   8
65  51  37  16  11   5  12  13   9   6  11  13   8   4   0   8  16  11   4   6  14  12   6  20  28   7  10  29  16   7
83  67  53  30  25  14   9   7  18  15  18  25  17  13   8   0  14  19  11  13  24  18  12  23  33  15  18  34  21  12
92  76  62  39  34  23  16  11  27  24  22  33  25  21  16  14   0  10  17  21  26  23  17  25  38  19  22  40  29  18
87  71  57  34  29  18  14  10  22  19  21  28  20  16  11  19  10   0  12  15  22  18  13  27  33  14  17  35  24  15
77  61  47  24  19   8   9  11  12   9  16  18  10   6   4  11  17  12   0   4  20  16   5  21  27   8  11  29  18   8
68  52  38  19  14   5   8  10   8   5  13  15   6   3   6  13  21  15   4   0  17  12   5  19  25   7  10  27  16   7
85  69  55  36  31  22  17  15  25  22  23  30  23  19  14  24  26  22  20  17   0  13   9  15  22  13  16  25  16   8
80  64  50  31  26  17  12  11  20  17  18  25  18  14  12  18  23  18  16  12  13   0   8  17  27  11  14  29  14   9
66  50  36  18  12   3   7   8   6   3  12  19   6   3   6  12  17   13   5   5   9   8   0  15  23   4   7  25  10   6
79  63  49  31  25  16  18  20  20  16  23  29  19  17  20  23  25  27  21  19  15  17  15   0  13   7  10  21  16   7
88  72  58  40  34  25  26  28  29  25  31  35  28  25  28  33  38  33  27  25  22  27  23  13   0   8  10  15  20  12
69  53  39  21  15   6   9  11  10   6  12  16   8   6   7  15  19  14   8   7  13  11   4   7   8   0   3  10  15   8
72  56  42  24  18   9  12  14  13   9  15  19  11   9  10  18  22  17  11  10  16  14   7  10  10   3   0  10  13   6
96  80  66  48  42  27  18  20  31  27  33  37  29  27  29  34  40  35  29  27  25  29  25  21  15  10  10   0  18   9
81  65  51  33  27  12  16  21  16  12  18  22  14  12  16  21  29  24  18  16  16  14  10  16  20  15  13  18   0   7
76  60  46  28  22   8   9  12  11   8  13  17   9   8   7  12  18  15   8   7   8   9   6   7  12   8   6   9   7   0
0       1440
50       380
25       975
150      870
240      1050
355      995
435      860
280      920
0       1440
110      895
330      1025
440      1080
220      1045
140      890
0       1440
95       945
315      990
240      810
85       1005
70       1040
120      980
135      960
0       1440
0       1440
450      1125
275      970
420      1100
290      990
0       1440
250      910